#Year   Try S   F   P
1970	1	1   0   0
1971	1	1   0   0
1972	0	0   0   0
1973	0	0   0   0
1974	1	0   1   0
1975	1	1   0   0
1976	1	1   0   0
1977	0	0   0   0
1978	1	1   0   0
1979	0	0   0   0
1980	0	0   0   0
1981	0	0   0   0
1982	1	1   0   0
1983	1	1   0   0
1984	3	2 	0   1
1985	1	1   0   0
1986	2	2   0   0 
1987	2	2   0   0 
1988	4	4   0   0 
1989	0	0   0   0 
1990	5	5   0   0 
1991	1	0   0   1 
1992	4	3 	1   0
1993	1	1 	0   0
1994	5	5 	0   0
1995	3	1 	1   1
1996	4	2 	1   1
1997	6	6 	0   0
1998	6	6 	0   0
1999	4	4 	0   0
2000	5	5 	0   0
2001	1	1 	0   0
2002	4	4 	0   0
2003	6	6 	0   0
2004	8	8 	0   0
2005	5	5 	0   0
2006	6	6 	0   0
2007	10	10	0   0
2008	11	11	0   0
2009	6	5 	0   1
2010	15	15	0   0
2011	19	18	1   0
2012	19	19	0   0
2013	14	13	1   0
2014    15  15  0   0
2015    19  19  0   0 
2016    22  20  1   1
2017    18  16  1   1
2018    39  38  1   0
2019    34  32  2   0
2020    39  35  4   0
2021    47  45  2   0